             0  1.1837121e-05    -0.66074437              0  1.1837121e-05    -0.66074437              0              1
   0.052734375  1.2595445e-05    -0.66211965   0.0013530986  1.2595445e-05    -0.66211965   0.0013530986              1
    0.10546875  2.3412324e-05    -0.66617867   0.0054557647  2.3412324e-05    -0.66617867   0.0054557647              1
    0.15234375  6.5101723e-05    -0.67223021    0.011509555  6.5101723e-05    -0.67223021    0.011509555              1
    0.20507812  0.00020533019    -0.68209958    0.021228751  0.00020533019    -0.68209958    0.021228751              1
    0.25195312  0.00050462302    -0.69381962     0.03269487  0.00050462302    -0.69381962     0.03269487              1
     0.3046875   0.0012335805    -0.71091453    0.049151179   0.0012335805    -0.71091453    0.049151179              1
     0.3515625   0.0025417083    -0.73064436    0.067361833   0.0025417083    -0.73064436    0.067361833              1
    0.40429688   0.0054116579    -0.75877088    0.092448213   0.0054116579    -0.75877088    0.092448213              1
    0.45117188    0.010107996    -0.79088361     0.11939974    0.010107996    -0.79088361     0.11939974              1
    0.50390625    0.019698042    -0.83649559     0.15544757    0.019698042    -0.83649559     0.15544757              1
    0.55078125    0.034263235    -0.88763404     0.19275557    0.034263235    -0.88763404     0.19275557              1
    0.60351562    0.061390029    -0.96223452     0.24027495    0.061390029    -0.96223452     0.24027495              1
    0.65039062     0.09886843     -1.0475367     0.28747213     0.09886843     -1.0475367     0.28747213              1
      0.703125     0.16376853     -1.1680117     0.34346249     0.16376853     -1.1680117     0.34346249              1
    0.75585938     0.25917627      -1.321324     0.40138271     0.25917627      -1.321324     0.40138271              1
    0.80273438     0.38368864     -1.4884598     0.44441296     0.38368864     -1.4884598     0.44441296              1
    0.85546875     0.57505913     -1.7143819     0.47913572     0.57505913     -1.7143819     0.47913572              1
    0.90234375     0.81109471      -1.946064     0.47647205     0.81109471      -1.946064     0.47647205              1
    0.95507812       1.155516     -2.2303539      0.4174569       1.155516     -2.2303539      0.4174569              1
     1.0019531      1.5153263     -2.4749147     0.30070305      1.5153263     -2.4749147     0.30070305              1
     1.0546875      1.8797243     -2.6630057     0.12316862      1.8797243     -2.6630057     0.12316862              1
     1.1015625      1.9637698     -2.6683999    0.047814666      1.9637698     -2.6683999    0.047814666              1
     1.1542969      1.6425789     -2.4819735     0.17995184      1.6425789     -2.4819735     0.17995184              1
     1.2011719      1.3040052     -2.2280182     0.26509017      1.3040052     -2.2280182     0.26509017              1
     1.2539062     0.98628671     -1.9481963     0.30419296     0.98628671     -1.9481963     0.30419296              1
     1.3007812     0.78693063     -1.7462407     0.30168561     0.78693063     -1.7462407     0.30168561              1
     1.3535156     0.63473028     -1.5698885     0.27808702     0.63473028     -1.5698885     0.27808702              1
     1.4003906     0.54089849     -1.4487088     0.25170764     0.54089849     -1.4487088     0.25170764              1
      1.453125     0.46749099     -1.3471333      0.2222264     0.46749099     -1.3471333      0.2222264              1
     1.5058594     0.41858527     -1.2726278     0.19593878     0.41858527     -1.2726278     0.19593878              1
     1.5527344     0.39003775     -1.2232967      0.1759263     0.39003775     -1.2232967      0.1759263              1
     1.6054688     0.37044683     -1.1845045     0.15703906     0.37044683     -1.1845045     0.15703906              1
     1.6523438     0.36139307     -1.1615876     0.14310658     0.36139307     -1.1615876     0.14310658              1
     1.7050781     0.35803163     -1.1448358     0.13027395     0.35803163     -1.1448358     0.13027395              1
     1.7519531     0.35966425     -1.1371145     0.12109762     0.35966425     -1.1371145     0.12109762              1
     1.8046875     0.36585317     -1.1356784     0.11280038     0.36585317     -1.1356784     0.11280038              1
     1.8515625     0.37486245     -1.1381264     0.10680265     0.37486245     -1.1381264     0.10680265              1
     1.9042969     0.38862302     -1.1455454     0.10117087     0.38862302     -1.1455454     0.10117087              1
     1.9511719     0.40348501     -1.1556361     0.09684811     0.40348501     -1.1556361     0.09684811              1
     2.0039062     0.42200562     -1.1700046    0.092591991     0.42200562     -1.1700046    0.092591991              1
     2.0507812     0.43892761     -1.1849287    0.089397529     0.43892761     -1.1849287    0.089397529              1
     2.1035156     0.45784004     -1.2004335    0.086302716     0.45784004     -1.2004335    0.086302716              1
     2.1503906     0.47406695     -1.2150283    0.083844064     0.47406695     -1.2150283    0.083844064              1
      2.203125     0.49124118     -1.2308517     0.08129904     0.49124118     -1.2308517     0.08129904              1
     2.2558594     0.50713304     -1.2436983    0.078843863     0.50713304     -1.2436983    0.078843863              1
     2.3027344     0.52021467     -1.2539165    0.076486006     0.52021467     -1.2539165    0.076486006              1
     2.3554688     0.53442977     -1.2646275    0.073282106     0.53442977     -1.2646275    0.073282106              1
     2.4023438      0.5468244     -1.2740074    0.070123013      0.5468244     -1.2740074    0.070123013              1
     2.4550781     0.55928238     -1.2836829    0.067248672     0.55928238     -1.2836829    0.067248672              1
     2.5019531     0.56831489     -1.2911288    0.065590579     0.56831489     -1.2911288    0.065590579              1
     2.5546875     0.57659009     -1.2979929    0.064044062     0.57659009     -1.2979929    0.064044062              1
     2.6015625     0.58220232     -1.3018892    0.062869356     0.58220232     -1.3018892    0.062869356              1
     2.6542969     0.58558201     -1.3053604    0.062208072     0.58558201     -1.3053604    0.062208072              1
     2.7011719     0.58540588     -1.3049265    0.062244787     0.58540588     -1.3049265    0.062244787              1
     2.7539062     0.58183341     -1.3009911    0.062219457     0.58183341     -1.3009911    0.062219457              1
     2.8007812     0.57737988     -1.2951596     0.06052216     0.57737988     -1.2951596     0.06052216              1
     2.8535156     0.57187393     -1.2860226    0.057025798     0.57187393     -1.2860226    0.057025798              1
     2.9003906     0.56663668     -1.2790472    0.054121276     0.56663668     -1.2790472    0.054121276              1
      2.953125     0.56140274     -1.2719392    0.052230811     0.56140274     -1.2719392    0.052230811              1
             3     0.55857332     -1.2687813    0.051580958     0.55857332     -1.2687813    0.051580958              1
